379
726
650
632
774
62
322
570
430
323
679
773
636
515
696
386
472
136
262
22
721
354
145
768
253
898
258
67
795
600
127
634
923
605
976
846
168
168
100
170
168
255
168
276
202
168
170
166
79
168
952
251
110
166
168
165
152
83
519
959
795
484
492
39
919
126
768
194
839
211
179
321
515
852
33
262
123
371
169
891
246
346
599
426
283
636
811
56
427
189
514
402
256
996
501
370
370
369
370
370
370
370
370
370
370
370
370
370
288
764
97
97
97
84
97
96
97
97
97
97
97
97
206
770
989
217
393
217
217
217
217
217
286
217
217
217
217
217
212
217
217
217
217
217
374
217
217
217
316
87
473
421
517
897
294
636
206
206
206
206
206
206
206
206
206
206
206
209
206
114
206
206
206
207
207
895
816
416
681
451
814
744
480
23
356
695
553
803
29
405
728
63
586
513
296
895
251
643
853
524
256
539
834
847
967
956
325
799
868
138
890
381
221
637
62
256
64
302
489
658
286
776
488
662
795
311
822
918
201
108
108
108
108
139
108
107
108
108
108
82
76
108
484
63
262
594
764
999
686
538
213
735
99
198
882
411
145
175
145
145
145
39
132
145
485
491
145
145
144
145
145
144
145
13
331
145
232
145
145
484
145
143
32
145
275
144
354
784
787
782
218
176
617
420
519
643
542
730
347
134
192
162
864
178
142
211
280
115
175
455
789
256
225
682
852
734
274
195
453
780
956
969
468
467
643
914
721
990
906
368
457
68
887
94
541
947
385
224
79
224
224
224
224
224
224
224
224
224
224
224
224
224
224
182
279
253
283
668
693
253
748
378
880
169
945
717
30
229
896
437
222
18
385
347
925
67
929
929
930
930
930
929
929
929
929
929
929
929
929
929
929
929
929
929
930
930
930
930
929
765
703
530
800
330
807
658
765
435
738
386
236
721
940
460
882
777
952
952
952
952
952
952
952
952
952
952
952
952
952
952
952
955
645
56
54
449
644
163
708
697
708
708
708
700
708
708
708
698
708
708
708
708
708
708
709
709
708
708
709
708
708
891
670
496
598
598
596
596
595
596
596
596
595
596
595
595
598
594
597
597
597
597
597
597
597
597
597
597
597
597
598
598
598
598
598
598
598
598
154
598
598
598
595
602
598
598
598
598
597
595
595
596
595
123
123
123
124
124
123
123
124
158
523
602
429
953
388
218
948
753
367
250
966
383
992
450
102
686
917
828
656
205
859
502
502
994
478
542
943
714
83
65
70
386
759
229
447
659
364
325
722
415
211
315
610
498
938
938
938
938
938
938
938
938
938
938
938
938
938
939
939
938
939
939
939
939
939
939
939
939
939
938
938
419
922
853
833
833
833
833
833
833
833
833
833
833
833
833
833
833
315
836
651
72
394
327
84
84
84
84
84
84
84
181
4
84
84
84
84
81
43
84
634
81
104
43
84
132
181
48
132
84
633
738
480
533
1
153
112
478
478
478
478
71
478
478
277
478
478
478
478
478
478
507
549
811
498
390
421
120
986
633
937
31
847
946
316
967
686
868
296
689
674
211
672
645
642
589
133
564
905
135
220
457
838
836
836
836
836
836
836
837
837
837
837
837
837
838
837
837
837
837
837
837
836
838
838
838
836
838
838
838
837
838
838
837
838
838
838
838
838
838
838
838
838
837
836
158
795
696
846
628
36
985
465
646
646
646
646
646
646
646
646
646
646
572
273
417
843
172
283
786
630
287
962
666
760
650
297
254
30
460
409
292
531
227
480
480
480
480
480
480
480
480
120
42
480
480
480
480
481
481
481
480
481
481
481
481
480
494
428
125
947
888
850
438
234
510
111
193
495
81
121
179
253
654
852
135
135
135
135
135
875
376
618
618
617
617
617
617
619
617
617
617
617
617
618
617
618
618
618
618
618
618
618
618
618
618
618
618
618
618
618
617
617
212
553
698
608
112
51
945
856
877
331
924
924
924
924
924
924
924
924
924
924
602
839
397
627
85
36
562
411
430
507
441
561
788
184
396
764
613
613
613
613
613
613
613
613
613
613
613
613
613
748
613
613
453
388
840
527
800
510
452
483
262
886
413
985
905
905
905
905
905
905
905
905
905
905
905
905
300
630
133
853
832
925
207
819
342
227
132
132
132
90
132
132
789
533
711
20
594
240
330
412
887
199
336
782
275
960
814
571
937
578
538
654
397
141
981
634
306
263
306
306
306
306
306
306
306
822
306
306
306
306
306
697
748
160
78
216
519
313
966
337
173
460
883
156
477
367
442
760
4
621
981
462
913
272
278
277
279
280
280
493
279
277
280
280
279
270
266
265
267
266
268
265
267
268
268
268
267
266
268
267
267
268
268
351
265
266
268
267
268
268
267
266
400
266
268
265
266
268
266
550
267
536
267
102
267
265
267
265
267
265
272
258
265
265
562
267
265
268
266
266
265
266
265
265
500
269
266
266
265
267
268
268
268
540
266
265
266
269
271
270
269
269
267
270
507
270
270
269
269
270
269
270
269
269
269
340
270
270
269
269
269
270
270
270
269
615
278
269
270
270
270
271
271
271
271
270
272
201
419
271
271
271
271
382
271
271
271
271
272
272
272
272
271
272
272
272
272
272
272
272
272
272
272
272
272
272
277
279
275
280
278
276
279
276
279
98
278
271
275
276
280
279
279
278
277
280
275
279
280
279
275
279
277
275
279
278
278
280
276
277
280
280
280
564
279
280
275
277
279
278
275
280
279
276
278
275
280
277
222
14
259
459
764
895
537
448
991
910
678
654
789
980
980
980
980
980
980
980
966
53
846
976
260
678
263
622
740
307
537
374
779
213
436
14
872
872
872
872
277
695
250
961
77
77
77
166
445
810
315
41
768
261
683
765
356
482
51
52
53
31
51
53
50
51
50
50
50
50
50
50
204
50
52
50
50
50
19
50
52
50
51
51
51
51
51
51
51
51
50
51
51
51
51
53
53
284
53
53
52
35
53
51
52
393
51
53
52
53
52
349
52
53
52
367
947
539
539
541
538
540
540
541
540
541
540
541
509
540
538
538
538
538
538
541
538
539
539
539
400
541
539
541
541
538
122
540
539
539
539
539
539
539
539
541
540
538
539
539
202
539
540
538
539
540
538
541
540
783
249
863
105
581
385
684
2
835
548
364
57
515
37
139
532
751
756
751
756
751
752
756
751
751
751
751
751
756
751
751
751
751
751
91
751
751
751
188
545
403
593
390
146
218
973
973
973
973
973
973
973
973
973
973
972
518
693
58
845
792
417
417
417
417
417
416
417
417
417
417
417
305
417
417
645
417
418
376
418
418
417
418
417
766
633
496
774
773
773
773
773
773
773
773
773
773
773
774
774
774
774
774
774
774
774
773
774
774
774
774
774
774
774
774
773
773
892
561
803
670
443
294
693
124
259
389
686
986
511
863
866
389
132
400
237
289
7
92
373
902
139
139
139
139
61
139
139
139
138
138
137
136
377
137
95
137
137
137
137
94
137
137
137
139
137
136
137
137
854
137
593
136
136
137
138
138
138
138
138
136
138
138
138
138
138
138
139
139
137
139
139
139
139
139
139
139
381
839
472
866
866
866
866
167
577
99
102
321
986
986
986
986
986
986
986
986
986
484
620
853
965
616
794
794
794
794
794
794
794
794
794
794
785
794
119
119
704
119
120
120
120
119
120
119
119
120
119
119
119
119
119
119
119
119
119
119
780
957
763
572
147
826
286
735
533
533
533
533
533
533
533
533
531
533
533
533
532
532
531
531
531
531
531
531
531
531
531
531
532
507
532
532
532
532
532
533
532
532
532
509
507
592
532
533
533
533
533
226
945
542
343
904
998
682
681
702
530
121
149
148
148
148
625
637
133
148
148
148
148
148
148
148
85
149
149
149
147
149
149
125
148
149
147
149
148
149
149
149
149
149
149
149
147
147
151
151
149
151
625
151
151
151
151
149
149
388
151
151
151
148
915
842
427
87
185
857
420
847
704
47
555
967
17
529
705
413
44
36
244
989
989
228
989
989
989
989
989
989
989
207
989
360
361
989
989
989
989
989
589
423
167
390
141
486
792
741
236
251
861
506
386
210
530
3
169
921
22
554
486
335
965
746
961
356
241
435
576
457
76
339
187
748
36
479
426
714
246
246
246
246
246
246
246
246
246
476
246
246
123
246
246
246
247
247
247
247
246
247
247
246
247
247
247
953
896
445
80
245
715
393
888
154
183
631
894
29
251
639
637
637
637
637
637
638
637
637
638
638
638
639
638
638
638
638
638
638
638
636
639
637
639
639
639
639
639
639
639
639
638
639
639
639
639
630
639
639
639
639
638
638
630
547
549
549
546
546
547
546
546
546
546
546
546
546
546
546
547
547
547
547
547
546
235
547
546
547
547
547
547
547
547
547
547
264
548
55
549
549
549
549
398
167
548
548
549
549
548
547
548
170
548
548
730
548
548
549
549
549
547
934
371
863
609
519
423
600
658
322
819
327
904
183
904
887
868
297
797
828
950
794
28
982
579
200
783
89
237
537
127
634
431
568
192
193
544
192
876
504
602
526
195
355
727
726
726
727
726
727
726
726
726
726
726
727
727
727
727
727
726
727
727
727
727
727
727
727
726
726
133
399
491
92
502
775
644
158
578
627
79
79
205
882
535
738
661
825
564
357
14
284
241
655
378
915
915
915
915
915
915
915
915
915
915
915
915
915
885
4
935
315
941
943
10
419
419
419
419
419
419
419
419
419
419
419
419
420
419
419
420
420
419
285
536
234
195
436
336
659
672
288
621
553
483
436
398
993
778
486
486
100
486
486
486
486
486
486
486
227
486
486
486
958
36
537
112
934
88
934
889
934
934
933
934
934
936
934
934
39
804
826
357
322
452
356
311
635
526
734
197
385
659
260
914
443
636
403
961
96
553
462
662
907
374
101
711
885
961
961
961
961
961
961
961
46
0
928
962
22
427
395
812
627
147
373
692
888
290
710
620
802
590
662
177
908
812
882
315
441
886
27
69
249
357
370
700
458
908
870
870
870
586
288
421
37
249
850
736
405
443
386
78
477
207
484
866
319
844
619
672
999
574
387
387
386
386
386
386
387
387
387
387
387
384
386
387
386
387
387
387
387
387
387
389
389
389
387
389
389
389
387
389
389
387
386
387
386
0
201
111
657
589
941
692
200
657
658
658
175
683
147
658
657
658
657
657
657
657
656
657
657
657
657
685
657
657
657
657
657
658
658
126
578
819
458
433
562
927
459
927
927
927
927
927
927
927
926
927
927
459
927
927
927
434
927
927
927
927
457
181
826
869
851
207
350
146
610
290
466
484
201
610
622
823
824
162
642
577
693
908
61
390
895
162
519
715
693
752
728
14
771
776
467
47
693
787
601
81
81
81
345
37
172
54
984
984
984
984
274
274
274
274
274
274
274
274
103
834
835
155
956
829
799
390
262
362
977
277
385
384
385
385
384
385
385
385
384
385
384
385
384
385
385
384
385
389
385
384
384
384
384
385
384
384
384
384
316
865
540
650
892
109
3
276
276
276
168
168
276
276
276
276
276
276
276
535
342
640
792
171
574
968
898
636
530
154
621
435
182
549
811
959
959
959
959
959
604
738
360
715
715
554
714
715
715
715
848
297
294
740
748
560
374
548
102
816
684
780
410
917
144
350
350
350
350
350
353
350
955
936
738
383
823
823
823
823
823
823
823
823
823
823
823
1
352
1
466
33
748
2
750
108
785
428
262
33
435
803
914
6
423
104
428
631
862
465
464
465
465
465
464
465
465
465
464
465
464
464
464
0
464
146
464
146
464
464
464
464
464
465
465
465
465
465
465
465
465
465
316
784
316
312
322
316
608
542
273
648
692
284
212
283
141
789
402
78
379
940
885
827
343
907
475
490
490
490
490
1
490
490
490
490
460
223
723
801
881
793
195
588
669
612
407
514
479
737
95
460
771
965
670
462
484
703
258
591
591
591
591
591
591
591
591
591
591
212
134
49
212
212
692
699
895
805
804
804
804
804
804
805
804
806
804
804
805
805
805
807
805
805
804
805
805
805
805
805
805
805
804
805
805
805
804
805
804
542
956
481
423
411
475
121
371
720
34
495
911
353
510
545
720
789
959
659
184
184
184
184
184
184
184
184
183
183
88
184
184
184
184
756
88
184
184
184
183
633
519
58
475
607
472
330
741
960
740
997
769
333
362
468
683
527
72
72
397
462
660
681
764
576
285
321
997
446
602
950
950
950
950
950
19
96
166
788
105
977
637
356
45
345
5
565
360
661
332
917
326
816
112
997
997
997
997
997
997
997
997
997
808
806
806
806
806
806
806
806
806
806
806
236
819
221
327
764
944
918
783
943
978
949
565
69
452
759
963
765
433
470
847
632
802
382
440
730
628
974
630
703
375
325
549
15
71
506
101
356
565
988
841
253
456
71
0
397
131
126
126
127
127
125
125
126
127
126
127
127
126
125
125
127
126
455
126
125
126
126
126
125
127
127
125
126
127
125
126
125
127
125
125
125
127
126
125
128
129
128
128
128
128
129
128
129
128
128
128
150
128
171
129
129
129
129
30
129
128
129
128
129
129
129
128
128
128
129
130
155
130
130
130
130
127
130
131
130
130
130
130
130
130
130
131
131
131
131
131
131
129
130
131
131
131
131
131
131
131
131
131
131
131
131
130
136
129
127
398
808
589
750
253
886
510
83
815
519
855
101
437
305
703
785
414
141
523
326
796
649
162
670
345
410
693
263
283
825
913
242
255
733
123
625
429
25
828
536
355
241
886
251
251
251
251
251
251
251
251
313
251
251
410
834
880
151
211
113
899
448
497
451
941
904
201
498
438
55
355
911
845
631
53
53
53
53
53
486
371
697
537
769
588
416
416
215
895
787
510
434
434
434
434
434
434
136
3
434
855
434
233
46
231
693
405
391
257
240
616
404
366
375
573
512
511
511
511
511
511
511
511
511
511
511
511
512
511
512
512
512
512
512
512
512
512
512
512
512
512
512
512
512
512
514
514
514
514
511
514
376
541
605
38
294
541
536
541
541
300
107
52
350
350
908
115
196
502
55
55
55
55
55
55
55
55
55
55
55
55
258
55
780
73
954
431
867
438
755
994
81
526
436
987
844
112
866
500
432
650
405
424
226
331
941
256
344
19
263
681
74
817
707
73
28
651
557
499
840
840
840
840
840
840
840
840
840
840
840
840
840
840
840
996
308
916
916
916
916
916
916
916
916
916
916
916
284
703
255
971
812
812
969
185
185
185
185
185
69
185
185
185
185
185
186
185
185
186
185
185
185
60
355
98
326
678
827
652
887
886
886
886
887
886
886
886
886
886
887
887
887
887
887
886
887
887
887
887
887
887
887
887
886
87
518
313
710
746
803
974
48
13
914
243
628
86
643
586
611
475
936
756
60
28
37
373
571
788
921
768
768
768
768
768
768
768
768
767
767
768
767
767
767
768
768
768
877
647
920
868
526
189
553
988
893
641
699
366
987
987
987
987
987
987
987
470
851
552
43
780
963
261
153
74
559
254
27
682
819
966
957
640
374
457
458
458
454
458
458
458
458
455
458
458
458
458
458
458
458
458
459
458
459
459
459
459
459
339
933
223
255
320
963
179
218
949
176
296
288
288
288
288
288
288
288
289
289
288
288
288
288
288
44
819
946
946
946
946
946
946
946
946
946
946
946
946
947
946
947
947
946
946
946
108
219
108
95
108
108
17
28
99
191
693
377
376
376
376
376
377
376
376
375
376
376
377
377
375
377
377
377
377
377
377
377
377
377
377
376
377
377
377
377
376
572
453
510
74
569
210
846
23
748
912
640
670
600
599
600
599
599
599
599
599
599
599
599
599
599
599
599
600
600
600
600
600
600
600
600
600
599
600
600
600
600
600
600
600
309
292
16
470
460
300
881
80
6
296
954
970
707
239
483
594
670
174
967
635
399
143
709
936
142
442
105
105
105
105
105
105
105
105
21
105
106
106
105
105
106
106
106
106
106
106
106
106
106
105
106
105
106
105
36
471
45
460
460
460
460
460
460
461
461
461
460
461
461
461
461
461
461
460
461
461
461
460
460
227
456
469
469
469
471
469
469
469
904
469
469
469
469
469
469
469
469
469
191
469
469
471
630
616
741
660
559
56
556
662
735
12
344
343
343
343
343
344
343
27
355
343
343
343
343
344
4
344
343
344
343
344
202
344
344
344
344
37
344
344
344
344
344
344
354
345
344
346
345
345
345
345
346
345
345
346
345
353
345
345
52
43
346
346
345
343
346
345
346
346
344
346
346
346
196
171
171
171
75
257
558
799
342
947
452
244
448
124
124
124
992
124
124
124
18
299
724
411
524
261
237
671
499
859
587
574
40
229
959
307
629
445
301
620
545
933
133
452
329
841
564
728
759
536
627
339
626
711
325
890
715
110
721
133
923
260
892
359
351
892
892
892
892
203
892
473
167
409
483
369
369
369
369
369
369
369
369
369
369
369
369
369
827
965
447
244
436
995
995
995
995
693
241
241
241
241
4
241
241
241
241
241
241
769
866
451
211
923
260
189
565
404
462
475
979
979
979
979
979
979
979
979
979
979
979
979
979
979
979
979
380
303
303
847
459
671
423
649
326
803
974
397
778
491
798
595
114
371
372
372
372
372
372
371
372
369
372
371
372
372
372
372
371
573
371
371
371
371
371
371
371
371
540
777
557
323
652
869
851
592
729
93
415
972
857
0
764
12
316
234
76
862
402
479
479
479
479
479
479
479
479
479
479
479
479
479
479
250
250
250
255
250
250
250
152
250
250
250
250
250
169
166
291
252
252
250
250
916
330
943
667
960
960
960
960
960
960
960
960
960
960
960
960
960
960
889
337
305
734
191
799
407
223
724
830
972
399
724
25
76
677
975
2
510
231
705
295
294
295
294
294
295
295
295
295
295
295
294
295
294
295
295
295
294
294
295
295
295
295
294
295
294
294
755
958
958
958
958
958
958
958
958
958
958
958
7
796
468
203
413
162
628
115
884
452
380
302
364
242
507
383
102
812
122
441
585
122
349
813
789
134
735
586
151
678
965
908
461
580
578
577
578
578
577
577
578
578
578
577
577
577
577
578
577
578
579
580
579
579
579
583
577
579
579
579
579
579
579
577
579
580
580
580
580
580
580
580
580
580
579
578
580
580
580
580
584
581
582
582
582
584
584
580
582
579
584
580
584
584
584
584
580
587
584
582
580
584
582
582
584
579
584
584
584
582
582
584
584
577
578
577
577
578
578
331
800
329
831
363
919
919
919
919
919
919
919
919
919
919
919
919
919
919
828
15
444
349
800
560
573
819
515
109
379
379
379
379
379
379
379
379
379
379
379
379
379
435
58
609
421
879
426
873
702
179
987
442
941
537
453
898
811
282
285
867
885
748
443
296
686
734
466
466
466
466
466
466
466
466
436
537
735
522
729
644
14
14
14
399
643
883
340
688
311
536
164
426
918
154
318
322
118
214
260
622
745
64
189
260
602
602
602
602
604
603
603
603
604
603
603
602
602
603
602
604
604
601
601
601
601
601
601
601
601
603
601
20
601
601
601
602
602
602
602
602
601
602
193
907
93
447
836
710
383
88
659
779
489
21
585
396
297
85
41
949
759
117
800
821
661
523
680
495
356
996
770
764
847
824
400
32
65
444
474
174
273
32
287
488
509
499
365
662
162
156
156
156
156
157
158
156
157
158
158
157
157
157
157
158
158
157
158
159
156
156
157
156
156
158
157
156
157
158
156
64
156
162
158
418
167
157
157
157
156
157
158
160
160
160
160
169
159
159
159
159
159
160
160
159
160
159
162
159
159
281
160
160
160
159
163
159
159
160
159
159
160
160
160
161
161
169
161
161
163
161
163
161
161
170
161
161
158
283
163
157
161
550
161
161
162
160
161
162
162
162
162
162
196
162
166
161
162
156
162
162
162
162
135
225
587
28
14
652
652
652
652
652
652
652
652
652
652
653
652
653
653
653
653
653
652
653
653
652
652
993
976
643
982
397
183
820
819
820
819
819
819
820
820
820
215
820
820
820
820
820
216
820
820
820
819
820
820
820
820
819
365
734
636
203
391
203
203
203
203
203
203
203
788
995
900
570
163
240
240
240
240
240
116
238
240
240
36
240
240
240
240
240
113
240
241
241
241
238
240
83
134
709
45
216
534
467
427
527
415
110
792
15
364
681
364
364
77
589
519
740
143
62
214
356
839
978
978
978
978
978
978
978
978
978
978
978
978
978
477
221
750
635
606
124
605
605
606
605
605
606
606
606
606
605
606
606
606
606
124
606
606
606
606
606
648
648
648
648
648
648
648
648
648
648
648
649
649
649
649
649
648
649
649
648
649
649
649
648
648
648
289
524
770
133
959
959
959
959
920
603
203
647
290
623
796
754
198
755
175
81
90
88
87
516
822
292
715
152
151
152
152
151
152
235
152
152
152
152
153
152
152
152
152
300
152
152
151
563
310
63
542
257
466
132
122
122
66
17
17
17
17
264
17
17
616
351
73
46
422
924
990
990
990
990
990
990
169
220
348
347
347
347
347
347
349
348
347
348
347
15
349
347
348
348
348
348
349
348
349
348
348
349
348
348
348
348
348
625
348
347
348
349
347
349
348
347
342
470
332
818
872
872
4
334
515
501
945
770
815
903
872
164
818
72
871
770
692
834
390
186
14
319
332
784
784
784
784
784
784
784
784
784
784
784
784
785
785
785
784
785
785
785
785
782
785
785
784
462
216
943
72
383
78
238
242
339
990
402
426
703
10
193
942
811
8
470
470
470
470
470
470
470
471
471
470
470
471
470
471
499
470
470
921
738
425
5
449
853
358
45
411
933
858
842
961
955
24
368
482
254
934
141
828
816
518
673
264
262
264
264
264
264
264
262
264
264
263
256
264
264
264
264
264
264
264
263
263
12
588
846
124
428
124
7
238
468
827
397
901
332
852
548
923
993
17
992
825
694
193
799
823
403
516
911
720
459
650
48
47
761
359
499
824
858
861
318
796
202
202
202
202
202
202
203
202
202
202
203
202
203
203
202
202
556
993
641
951
303
702
71
58
949
472
453
760
693
302
951
253
253
253
253
253
253
253
254
253
253
254
254
253
254
936
880
27
693
684
35
305
763
256
566
302
610
165
671
856
449
439
635
438
438
438
438
438
439
438
438
438
439
439
439
438
439
439
439
439
439
439
439
439
438
439
439
439
439
31
6
318
9
190
854
6
903
868
868
868
868
285
527
977
308
221
44
117
332
254
588
43
793
12
971
971
971
720
789
842
304
452
273
227
612
573
573
573
573
573
573
573
573
573
573
573
574
574
574
573
574
574
574
594
574
574
573
574
447
983
536
88
495
239
490
35
300
594
364
693
174
164
505
399
312
616
732
732
732
732
732
732
732
732
711
95
619
933
568
619
179
488
662
72
352
482
136
287
964
794
620
744
25
864
771
207
856
201
702
589
544
695
896
771
610
835
88
705
364
453
738
875
95
95
6
447
555
875
725
236
892
861
426
175
5
971
615
615
615
615
615
615
615
615
583
615
616
864
800
296
679
27
786
492
981
981
981
981
981
981
981
563
646
207
869
409
596
852
365
845
863
964
440
640
242
71
558
769
850
15
388
983
958
958
958
958
83
880
98
117
627
627
627
626
627
627
627
627
626
627
257
627
627
627
627
61
242
811
633
654
827
428
38
190
178
991
991
991
991
991
170
170
835
994
320
249
844
155
436
861
953
446
672
587
103
587
587
587
587
587
587
587
587
588
587
587
587
15
936
839
318
967
21
888
889
228
917
822
249
349
349
349
349
350
349
350
350
35
350
350
350
349
3
896
445
9
795
776
220
792
225
93
452
661
760
6
800
48
409
711
527
319
74
581
581
581
581
581
581
581
581
581
581
581
581
581
582
581
592
582
582
582
591
582
582
585
971
659
21
10
32
786
341
842
815
473
41
402
444
817
336
899
803
642
882
42
528
527
527
195
527
527
527
527
527
528
527
521
528
528
528
527
528
528
528
528
528
528
528
528
528
528
528
528
528
529
529
529
529
529
528
238
249
925
238
364
744
43
43
537
684
926
730
408
646
677
861
226
216
964
931
775
893
973
325
637
212
37
133
789
214
185
73
483
43
56
73
440
962
31
513
835
828
809
604
284
593
207
964
204
714
194
677
733
843
367
367
367
367
367
367
367
367
368
367
367
367
367
367
368
368
367
368
198
484
884
530
738
236
363
176
698
261
302
702
777
870
759
633
715
454
759
763
624
707
231
620
829
234
252
260
816
913
721
571
595
326
917
223
759
172
181
530
221
296
256
835
178
941
443
443
443
443
443
443
815
443
443
443
443
441
443
443
443
988
988
988
749
749
749
851
231
201
324
19
747
142
8
200
317
824
93
775
567
373
798
872
147
972
186
322
994
669
98
447
447
81
447
447
446
447
447
447
447
447
447
447
447
73
849
667
757
180
427
91
693
507
35
569
957
193
786
999
707
765
594
83
711
530
684
781
964
827
74
607
358
941
18
194
483
89
865
865
865
865
865
865
865
865
865
859
865
865
865
865
676
197
759
590
841
935
670
586
312
373
44
575
759
325
402
692
509
357
795
198
409
822
879
388
213
13
43
897
513
144
856
653
897
686
993
311
209
307
307
307
307
307
307
307
307
307
307
307
275
307
307
107
764
92
830
57
508
868
303
303
303
164
690
564
771
935
254
457
456
456
456
456
30
456
456
456
456
456
459
457
456
456
457
457
457
457
457
457
457
457
457
457
457
423
423
423
423
426
423
423
423
423
421
426
424
423
423
424
424
423
221
482
971
225
396
723
811
675
875
211
356
633
494
453
622
571
174
46
46
46
28
46
46
46
46
46
46
46
46
47
46
47
46
47
47
950
553
735
933
8
325
477
404
738
142
57
147
56
56
16
56
54
56
56
56
56
57
57
57
54
56
57
57
57
57
57
57
57
57
57
57
17
57
56
56
57
54
758
760
758
760
760
759
760
760
757
758
757
757
757
757
757
757
315
757
757
757
757
758
758
758
758
759
758
758
758
758
758
758
758
758
757
758
758
758
760
759
760
759
759
574
970
318
398
444
21
296
23
776
554
5
557
921
718
769
866
673
895
797
619
975
498
683
954
92
832
569
713
711
711
711
712
712
712
713
712
712
712
712
712
712
712
712
713
713
713
713
713
713
713
711
712
711
713
713
713
713
713
712
713
713
713
713
712
713
711
711
445
445
445
445
445
260
496
566
926
509
715
24
519
595
318
188
845
59
195
337
133
197
699
113
968
383
715
301
827
80
273
872
909
982
448
679
912
912
912
912
912
912
912
204
76
828
831
660
515
441
324
240
297
487
335
453
934
451
878
407
402
937
849
273
654
903
320
826
397
318
763
880
21
882
442
552
171
99
219
218
218
218
118
218
218
218
219
219
221
219
219
219
815
219
219
219
219
219
219
219
219
219
16
98
218
219
219
221
221
221
221
82
218
218
221
408
305
667
237
791
830
408
85
154
327
327
327
327
327
327
327
327
327
327
327
327
327
327
994
676
876
495
1
74
667
955
332
704
75
875
121
898
707
707
706
706
706
706
706
706
706
706
706
706
706
706
706
707
707
706
707
707
707
707
707
707
707
707
707
707
181
681
839
559
812
383
421
558
634
238
238
238
238
238
238
698
76
238
238
898
169
331
381
329
154
166
166
913
866
496
226
226
226
226
85
226
226
226
286
226
226
226
226
226
165
226
325
118
282
643
643
395
866
866
866
866
866
866
400
736
786
889
199
926
405
254
426
789
518
554
225
557
567
909
791
834
510
44
769
728
537
998
916
826
323
749
749
749
2
676
530
435
903
821
683
987
182
987
789
883
991
760
352
966
390
252
970
970
970
970
970
970
970
970
970
970
970
970
970
450
828
585
869
811
810
810
810
810
810
810
810
810
810
810
810
810
811
810
811
811
811
811
811
811
811
810
811
811
811
630
235
243
730
997
623
320
897
225
225
225
225
222
225
225
225
225
225
225
222
225
225
225
225
225
849
877
733
957
764
6
432
717
715
168
716
716
716
716
716
716
716
716
716
716
716
716
717
716
717
717
717
717
717
717
717
717
717
717
717
717
717
716
717
717
715
716
715
714
717
918
155
845
745
23
562
953
661
252
314
530
530
529
515
529
529
529
529
529
529
529
530
530
530
530
529
530
530
191
415
373
862
12
692
63
491
930
562
556
48
672
3
381
193
641
392
177
658
569
961
961
961
961
961
211
691
735
628
31
231
35
35
31
394
31
45
230
231
31
35
113
744
410
79
311
895
554
859
337
441
629
628
628
628
628
629
628
628
628
629
629
629
629
629
629
629
629
629
628
629
629
629
629
629
630
630
630
629
190
48
48
48
48
48
48
48
48
48
49
48
49
48
49
48
48
97
521
766
897
154
942
299
787
19
37
902
654
232
845
231
523
9
293
509
740
740
740
740
740
740
740
740
740
741
741
741
740
740
741
740
18
103
878
945
229
971
477
183
807
2
825
487
677
23
77
843
342
66
624
359
658
861
540
177
245
645
513
300
969
104
154
971
492
391
449
589
14
13
762
854
862
917
297
474
113
825
410
658
834
789
692
544
754
622
764
682
25
488
656
514
884
289
289
289
289
654
79
273
924
850
20
964
1
935
859
283
806
778
133
955
78
432
482
67
134
403
402
14
402
403
403
403
403
403
403
403
403
403
403
403
402
403
402
403
403
402
402
402
920
922
79
656
13
851
632
694
693
779
867
969
902
249
421
981
63
356
173
356
356
356
356
355
356
356
356
769
932
756
431
940
940
940
940
940
940
940
940
940
940
941
940
940
940
941
940
941
375
767
731
956
956
956
956
956
956
956
956
302
383
6
920
877
245
864
67
719
86
571
477
747
693
693
693
693
697
701
697
700
698
697
701
697
700
701
701
698
701
701
701
701
692
701
701
693
697
700
700
698
701
701
697
698
697
696
698
701
700
701
697
697
697
700
692
701
700
701
696
700
700
700
701
698
690
700
692
687
687
687
688
688
687
688
687
688
687
689
688
688
689
689
687
687
689
687
688
689
688
687
687
687
688
688
687
689
687
689
689
688
688
689
689
689
687
692
689
689
688
689
690
691
690
691
690
691
690
691
691
691
688
690
691
690
691
691
690
690
691
691
690
690
690
690
691
691
693
691
690
692
692
692
36
859
735
71
495
88
474
404
256
70
746
743
787
477
155
475
193
719
605
408
441
413
899
70
564
336
391
897
284
631
899
860
201
80
646
971
335
40
198
45
659
818
526
454
918
482
524
594
61
904
763
909
192
33
192
192
192
192
192
192
776
192
192
192
192
192
192
193
193
193
193
193
193
193
193
193
926
12
796
632
110
632
335
273
696
171
287
621
585
585
585
770
990
301
1
797
102
389
188
695
172
317
39
802
322
626
903
498
338
917
996
79
370
79
79
79
79
79
79
71
766
87
683
801
623
146
659
537
744
563
871
572
311
795
890
96
72
508
916
257
605
968
318
330
462
394
709
839
870
235
37
134
228
220
220
220
220
220
90
220
220
220
220
220
220
220
221
71
220
368
175
175
605
764
244
408
466
466
466
836
466
466
390
110
753
694
889
898
329
89
765
319
33
924
841
544
616
683
703
822
779
933
995
781
359
710
58
730
93
871
800
289
357
237
122
179
681
309
249
565
70
72
291
278
380
95
926
767
462
70
177
114
342
959
462
72
391
862
536
510
957
262
957
893
71
857
829
663
695
626
164
788
70
393
437
995
436
572
514
975
842
147
357
358
357
357
357
357
357
357
357
358
358
358
358
358
358
357
358
346
357
357
232
975
108
513
301
69
853
69
69
69
69
69
69
411
572
69
231
862
164
542
675
355
70
284
69
395
821
71
640
44
462
45
337
654
113
873
413
136
576
90
923
286
286
286
286
286
286
286
286
286
429
286
911
328
499
728
452
278
167
735
515
506
808
166
44
796
525
670
513
831
994
58
780
284
284
285
703
607
621
297
739
33
763
405
855
175
548
331
188
19
19
19
19
19
675
603
205
966
467
705
702
703
703
702
703
702
703
702
703
704
704
704
704
703
704
704
704
704
704
704
702
704
703
702
705
705
705
705
704
705
702
705
705
705
705
705
705
702
705
705
705
705
702
95
495
249
249
249
249
249
249
249
249
248
249
248
248
248
248
248
248
248
248
248
248
435
248
257
8
957
660
25
975
792
100
492
968
433
407
292
594
173
302
734
8
917
563
104
124
718
741
564
429
793
792
792
792
792
792
793
793
793
793
793
793
793
793
793
793
793
793
792
793
793
792
793
795
794
795
792
795
795
794
795
795
795
318
957
814
489
484
179
179
179
179
179
180
180
26
180
180
180
180
179
180
180
52
179
26
180
179
179
263
70
896
427
499
6
909
791
620
608
790
682
73
776
776
776
776
776
776
776
776
776
776
776
776
776
775
736
140
904
917
770
298
297
207
824
222
361
361
361
361
361
361
361
361
361
360
361
361
361
361
361
361
361
362
361
362
362
239
259
392
753
632
41
735
140
74
210
576
467
563
640
817
543
437
899
630
407
660
901
167
608
199
677
673
207
801
877
397
310
310
310
311
310
310
310
310
310
310
310
310
310
310
310
310
336
153
733
18
878
412
833
454
566
20
764
314
870
996
722
401
401
518
401
401
401
401
401
401
401
401
388
401
401
228
401
400
401
401
401
191
401
400
408
493
189
408
52
730
240
516
73
483
180
397
899
684
74
292
785
867
319
433
74
655
260
822
140
556
718
88
88
88
85
88
117
88
88
88
85
333
297
996
589
9
10
330
589
165
199
325
508
636
841
410
73
870
870
870
870
870
870
870
870
870
88
85
87
325
983
85
611
516
141
594
954
551
549
551
548
548
550
550
551
551
551
551
551
551
551
551
551
551
551
551
550
551
551
550
112
815
198
196
750
893
977
210
934
934
934
934
934
934
934
754
243
911
667
142
432
118
728
956
487
895
99
99
99
99
99
99
99
99
99
99
99
99
99
475
917
841
842
842
842
842
841
842
841
841
841
841
841
841
841
841
841
473
488
874
851
34
800
514
830
140
542
777
881
462
686
964
204
472
621
622
398
524
196
839
28
28
28
28
394
542
252
28
405
975
962
633
911
944
570
984
12
207
20
20
20
20
20
20
13
20
20
413
561
413
725
723
722
723
723
722
720
722
723
722
723
722
722
723
722
723
725
722
723
722
722
723
722
723
723
724
720
724
724
721
724
724
724
722
724
724
724
724
725
725
725
725
725
725
725
724
725
725
720
725
725
723
725
722
725
725
725
725
724
723
720
721
863
622
23
876
558
937
894
75
29
912
822
821
821
821
821
821
822
821
821
821
821
821
821
822
822
822
216
822
822
822
822
822
821
822
822
939
341
194
789
968
766
5
92
744
227
847
118
333
333
333
333
333
333
333
333
333
337
333
333
333
334
334
313
334
334
334
333
334
334
333
334
334
342
333
816
24
209
207
208
208
208
208
208
208
208
208
21
208
208
208
207
252
208
21
209
209
209
209
209
209
208
82
209
209
209
209
209
208
209
209
209
209
209
209
208
37
338
112
22
967
112
684
247
407
304
847
737
102
323
720
75
732
363
98
405
921
360
499
202
281
194
807
672
570
982
947
645
10
9
9
9
9
9
9
9
10
9
7
14
10
9
10
10
10
10
10
10
9
10
10
10
10
10
777
32
41
20
42
31
32
32
32
77
32
32
31
32
75
32
32
32
32
32
31
44
31
31
132
132
132
807
807
807
807
807
807
807
807
518
626
626
626
626
626
626
626
49
626
626
626
626
199
850
850
850
850
850
850
850
850
955
340
676
592
686
391
100
754
678
826
67
408
696
436
575
506
647
566
695
123
659
796
783
35
37
37
35
37
36
37
34
34
34
35
34
34
34
34
34
34
34
37
34
36
37
35
35
35
35
35
35
35
34
37
36
35
20
236
984
556
91
22
22
22
22
22
22
22
22
22
22
22
22
415
560
172
912
316
243
888
744
98
986
683
881
449
590
686
200
273
273
273
273
273
254
274
801
274
274
274
274
273
273
273
274
944
620
555
421
971
971
971
971
434
624
974
737
414
676
996
293
360
293
766
920
622
769
860
844
383
951
424
853
942
254
592
834
795
287
109
424
561
117
560
977
977
977
977
977
977
977
977
977
977
977
11
495
495
494
495
494
494
494
495
495
495
495
494
495
495
495
163
510
353
827
650
497
309
714
81
110
878
506
98
786
58
205
252
670
11
849
559
552
301
301
301
301
301
301
301
301
301
227
301
301
301
788
337
305
642
45
477
311
199
407
510
864
769
769
769
772
436
82
783
782
782
783
782
782
782
783
781
783
783
783
783
783
783
783
782
783
283
904
848
736
843
778
987
987
987
437
102
878
555
116
16
245
467
616
967
176
771
572
104
283
807
787
42
906
86
890
718
15
336
644
257
366
143
477
477
477
477
477
477
477
477
476
476
476
476
476
476
476
476
476
476
477
476
476
685
881
500
742
849
54
517
681
681
681
681
681
491
181
319
302
442
398
236
236
236
236
236
236
236
236
236
236
237
237
237
237
237
237
237
237
672
953
373
39
381
614
738
287
620
620
620
620
620
620
620
620
620
620
14
83
291
82
659
68
300
305
563
719
463
462
461
462
463
463
463
463
463
463
463
463
454
462
463
463
463
463
463
463
463
462
463
463
463
212
214
798
233
782
902
817
522
394
420
583
94
292
317
955
799
437
906
400
77
77
77
77
282
140
101
214
363
329
743
352
308
943
943
569
644
510
191
894
621
177
334
334
334
334
334
334
448
255
413
558
735
632
908
641
400
143
594
663
491
921
155
496
864
864
864
864
864
864
864
864
864
864
864
864
41
507
872
66
144
906
422
421
421
421
421
422
422
422
421
422
422
422
422
422
422
422
422
426
422
422
422
422
421
489
227
885
885
885
885
885
885
885
885
47
885
885
885
885
885
885
107
834
992
186
115
980
59
59
59
58
59
59
54
59
59
283
58
59
59
59
59
59
59
59
59
61
61
59
58
58
61
61
58
15
59
58
58
446
446
969
85
921
583
115
589
828
709
888
891
890
890
891
890
890
890
890
890
890
891
891
891
891
891
891
890
891
891
891
891
891
891
891
891
364
594
897
897
897
897
897
897
897
897
897
734
117
908
197
388
857
30
232
420
900
473
803
867
164
558
643
682
78
441
415
415
415
415
415
416
416
416
415
415
416
415
415
415
415
415
416
416
415
482
809
881
321
883
559
996
920
85
85
85
483
67
441
281
392
381
770
448
64
68
678
603
409
899
853
608
146
817
408
408
408
408
408
406
408
408
408
407
407
406
408
406
406
406
406
406
406
406
406
406
407
407
407
407
968
750
12
802
827
188
120
441
176
849
594
524
669
842
950
876
876
876
876
876
876
876
876
876
876
876
876
877
877
877
876
877
877
936
755
418
889
197
342
187
568
442
195
317
610
325
816
923
399
540
875
875
875
875
875
875
875
888
875
670
482
412
96
428
650
650
650
651
651
651
644
650
651
650
651
651
651
650
651
651
651
650
650
650
651
311
678
365
322
624
299
475
378
858
790
766
404
975
96
699
324
431
660
400
400
400
482
400
400
45
373
918
918
918
918
918
918
918
918
920
7
194
239
576
855
173
873
174
245
62
570
380
339
753
0
420
640
777
450
752
231
65
728
30
780
39
730
117
969
324
287
564
323
323
323
323
323
323
323
323
324
324
324
324
324
324
324
324
323
324
324
323
324
324
324
324
325
325
322
113
13
850
72
102
828
653
336
683
165
643
352
352
352
352
353
188
90
107
799
888
228
98
742
178
428
428
428
428
428
428
428
428
428
428
858
244
186
991
485
445
255
647
17
380
545
802
1
104
285
60
60
60
60
583
787
14
947
947
260
41
734
455
200
750
93
654
165
165
398
937
874
319
661
174
173
173
173
173
173
173
173
173
173
173
174
174
552
174
174
174
174
174
174
174
174
174
174
174
173
931
453
100
100
100
100
100
100
100
100
100
816
282
498
96
797
750
866
154
45
164
178
293
292
292
292
292
292
293
293
293
292
165
293
293
293
293
293
293
293
293
293
293
121
509
962
677
787
754
332
654
680
189
135
660
561
908
749
749
749
749
749
749
749
749
983
94
911
873
834
901
522
879
506
353
244
710
311
72
603
726
290
71
183
826
320
566
855
909
718
262
261
262
261
261
261
261
261
262
261
261
262
262
262
261
262
262
256
262
19
931
931
931
931
931
513
519
228
634
392
446
832
331
558
832
999
729
936
110
491
923
923
923
923
923
923
923
923
923
923
924
392
924
993
24
855
239
988
930
930
223
930
930
930
930
80
453
612
299
297
296
297
297
296
299
296
296
297
296
298
297
298
298
298
298
298
297
298
296
298
298
298
298
298
298
299
299
298
299
299
299
299
299
299
299
303
299
299
296
299
299
299
303
303
988
514
7
644
216
211
473
806
557
928
803
70
730
675
932
69
281
316
4
878
742
742
742
742
742
742
742
742
742
742
743
742
743
742
742
748
742
746
746
748
880
45
880
875
880
880
880
880
880
880
880
875
880
880
880
880
27
719
631
998
410
963
607
831
893
733
898
70
922
683
195
623
229
243
553
244
424
44
451
430
518
519
928
589
803
699
779
611
589
187
505
878
507
654
654
654
654
339
340
685
213
816
285
494
494
494
494
494
494
739
738
739
739
739
739
739
739
739
739
739
738
739
739
739
739
739
739
741
741
741
741
739
741
738
738
653
558
817
621
30
359
765
471
835
153
214
488
696
97
743
949
70
904
242
558
109
213
867
83
93
969
170
188
146
121
83
569
507
54
729
77
832
566
732
732
732
778
211
454
153
941
38
911
398
813
718
853
656
710
552
257
86
86
86
86
82
86
86
86
86
86
86
86
498
630
423
424
867
360
917
416
416
416
416
416
416
413
428
778
39
799
916
123
564
985
215
911
755
178
39
828
122
893
899
963
922
21
311
592
775
117
780
534
341
733
13
807
168
168
168
812
747
168
168
168
168
494
871
433
74
306
721
983
983
983
983
372
998
506
500
500
513
501
501
502
501
500
501
500
501
501
500
501
502
502
502
502
502
502
502
500
500
502
501
500
501
502
500
500
500
501
501
502
501
505
503
503
504
504
504
503
503
504
504
503
503
504
504
503
503
504
504
503
504
503
503
504
503
504
500
504
503
503
504
506
505
505
501
506
505
505
505
505
505
505
505
505
505
506
506
505
506
506
506
506
503
506
506
506
506
506
36
728
728
728
728
728
729
728
728
726
728
729
728
728
729
728
729
835
608
623
373
616
359
730
317
353
922
852
871
872
871
871
871
871
871
871
871
871
871
871
871
871
791
287
714
330
607
827
641
676
874
874
874
874
146
170
254
874
874
874
874
874
874
874
874
750
315
346
346
346
889
110
998
223
802
763
566
147
847
847
847
847
847
847
847
848
847
848
848
848
848
848
848
305
498
263
496
355
671
468
955
955
955
955
955
955
955
954
955
764
287
337
801
200
374
565
881
87
235
980
61
178
999
497
67
787
340
441
491
485
484
485
485
485
485
484
485
485
485
485
485
485
487
485
485
485
485
485
487
487
487
484
484
484
651
781
570
953
953
953
953
953
953
953
953
953
953
953
496
995
496
196
313
467
641
54
305
304
304
304
304
304
304
304
304
304
304
117
304
305
82
305
305
304
305
305
305
82
305
305
305
641
309
44
733
318
567
778
624
679
431
526
828
974
123
987
142
95
896
490
516
677
291
181
694
135
590
589
589
590
590
590
590
590
590
590
590
590
592
590
592
591
592
592
592
590
591
590
591
590
592
590
592
592
641
787
172
568
414
992
647
33
116
845
431
955
170
170
170
170
170
389
455
196
455
69
205
205
204
816
205
204
205
205
397
205
205
205
205
205
205
4
204
205
204
204
204
204
204
205
330
329
329
330
963
329
329
329
329
329
329
330
330
330
329
507
330
330
330
330
330
330
98
98
98
98
97
94
98
98
98
985
521
569
950
16
624
570
632
672
337
444
901
177
857
47
659
282
729
714
492
951
468
111
572
147
957
957
957
957
957
134
520
901
660
588
311
182
196
943
662
521
381
555
30
312
635
863
397
522
852
256
373
0
826
863
489
135
434
719
314
769
801
645
682
910
429
635
283
614
499
399
188
187
187
188
75
772
937
937
937
937
937
937
937
937
52
939
939
937
937
937
80
605
632
928
906
170
123
388
8
7
7
7
7
7
7
7
7
8
8
8
8
8
8
8
8
8
8
8
812
853
921
183
553
569
633
75
563
526
182
507
962
855
570
894
562
545
963
797
473
513
513
513
513
513
513
513
135
453
863
585
634
342
643
566
508
508
508
508
508
508
508
508
508
508
508
508
508
508
507
507
508
363
243
990
685
731
730
730
730
730
731
731
731
731
731
731
731
731
731
731
731
731
731
731
731
731
92
365
87
879
388
662
155
779
536
852
967
878
104
678
553
612
926
809
321
317
593
290
619
364
735
889
680
844
433
949
661
789
172
252
542
911
331
197
451
450
450
450
450
450
450
450
450
450
450
451
451
451
451
450
451
451
451
451
451
451
451
451
451
450
27
451
23
662
243
91
566
812
827
154
769
80
950
781
544
362
201
791
790
790
790
790
789
790
790
790
790
790
790
791
790
790
791
791
791
790
791
791
791
791
791
791
791
791
791
791
337
337
337
337
337
337
337
920
596
215
365
328
956
775
393
196
493
520
520
520
520
520
520
520
520
520
519
520
520
520
520
520
520
519
965
30
855
984
523
133
743
418
499
499
499
231
828
146
78
935
669
552
859
351
831
341
796
733
397
395
395
395
395
395
396
396
396
396
396
396
396
396
812
397
396
396
396
396
397
397
397
395
395
397
397
395
395
903
903
903
903
903
903
903
903
903
300
817
951
951
951
442
951
951
951
951
951
14
670
21
560
167
904
33
605
244
858
856
518
474
985
414
467
976
321
625
559
787
933
799
709
917
967
967
488
525
353
895
750
96
981
44
893
195
388
517
115
490
391
998
665
338
201
674
856
942
910
112
455
1
756
517
43
908
908
908
908
908
907
907
907
907
907
907
907
907
907
908
908
908
906
908
908
907
328
328
328
328
328
328
328
328
328
328
328
338
328
328
175
434
832
563
659
309
983
824
49
763
754
27
113
150
166
763
120
231
29
753
62
926
285
560
563
181
999
412
182
181
180
181
181
181
181
182
182
182
181
182
182
182
182
182
182
182
180
182
182
182
187
234
954
38
710
340
30
30
30
30
29
29
562
556
562
610
394
378
378
378
378
378
378
378
378
378
378
158
672
475
988
165
165
165
165
563
392
755
572
585
235
242
662
746
558
232
780
780
780
780
780
418
780
780
900
775
215
64
302
287
625
625
625
625
625
625
625
625
625
625
607
448
194
950
997
677
576
686
481
336
855
554
223
1
117
656
65
583
583
583
583
583
583
583
583
583
583
429
72
560
21
474
54
54
54
54
54
54
825
935
373
492
680
414
413
413
413
414
414
414
414
414
414
414
414
414
413
414
414
920
497
3
3
3
3
3
3
3
3
3
3
914
65
201
210
631
631
631
631
631
631
631
631
630
631
630
631
631
314
854
660
212
662
682
859
44
750
750
750
750
798
750
750
965
965
965
515
355
281
355
212
355
355
359
355
355
281
910
258
825
65
230
351
351
351
351
351
351
351
972
409
290
65
5
609
321
359
624
543
858
636
873
873
781
68
747
642
283
744
176
404
373
536
542
525
187
187
187
187
187
187
187
187
187
191
331
695
317
554
778
526
247
449
994
878
453
252
252
252
644
252
518
575
684
116
537
522
374
374
374
374
374
374
374
372
374
374
374
109
374
372
745
172
809
496
432
906
491
895
537
925
949
2
962
545
545
545
64
285
950
65
667
376
444
444
445
445
445
445
444
444
315
25
318
444
444
444
444
444
444
444
491
491
90
769
982
66
992
770
699
260
491
836
42
483
341
341
341
341
341
338
341
341
341
342
341
341
341
341
948
763
90
545
12
735
154
243
150
60
633
996
275
67
858
381
472
315
932
932
932
932
932
932
932
849
719
116
982
982
982
982
982
982
41
78
420
256
921
921
921
921
921
921
921
921
888
877
655
653
655
655
655
653
655
655
655
655
655
655
655
655
655
655
655
654
655
655
654
571
954
824
316
213
786
411
339
321
780
521
435
857
518
661
965
67
893
86
859
893
718
984
15
662
694
140
471
489
398
881
339
64
852
901
362
517
290
19
611
611
611
611
611
611
611
611
611
609
611
610
611
524
12
141
94
859
800
734
991
873
873
873
873
873
873
873
96
913
556
936
282
391
70
167
167
167
167
0
167
167
884
239
851
381
426
624
624
624
624
624
624
404
404
404
404
404
404
404
404
351
404
861
830
825
178
747
826
326
72
509
26
112
399
43
729
729
729
729
729
729
729
38
797
659
311
835
562
588
572
482
515
764
41
649
649
300
649
433
764
120
120
289
120
120
120
260
893
893
893
893
892
893
892
893
892
605
896
213
213
213
213
213
213
944
61
593
143
109
30
619
70
872
872
872
872
497
23
284
594
71
892
814
812
814
812
812
813
814
813
813
813
813
813
813
813
813
813
813
814
814
814
814
814
813
812
814
814
814
814
814
814
814
239
909
487
381
830
829
829
829
829
829
829
829
829
829
829
829
830
830
830
830
830
830
830
830
828
830
827
143
830
827
827
828
830
830
829
830
834
834
453
72
316
453
245
610
244
244
941
647
964
123
70
984
975
163
809
709
2
913
976
425
425
425
425
425
425
425
425
425
425
425
425
425
425
425
426
426
676
474
315
380
858
621
991
133
109
382
694
332
522
135
71
242
802
912
133
132
133
133
133
133
133
936
399
963
197
594
932
951
951
951
951
951
951
656
656
656
656
656
656
656
656
656
994
154
433
433
433
433
433
433
433
433
433
434
434
434
433
972
474
2
212
21
868
212
164
767
816
491
809
239
45
667
107
107
107
107
107
106
107
107
107
107
107
107
902
394
912
948
17
83
42
522
882
73
358
884
882
882
884
884
884
884
882
884
884
884
884
884
882
884
884
882
473
116
862
424
429
525
492
23
552
335
211
351
351
351
394
140
0
963
963
764
894
291
518
623
743
247
72
468
468
468
468
468
468
468
468
615
489
472
446
94
670
797
71
585
164
163
186
163
163
163
163
164
164
164
163
164
164
668
974
974
974
974
974
974
974
974
974
974
974
318
1
143
534
733
255
312
312
312
312
312
312
312
312
312
312
312
312
312
878
878
878
878
878
879
879
879
879
879
879
878
879
879
879
878
879
983
142
290
290
290
290
290
290
291
291
290
290
290
291
290
380
16
621
554
509
49
557
555
766
862
491
564
558
981
954
12
11
11
11
11
11
11
11
11
11
11
12
14
12
12
12
12
12
11
11
12
313
313
313
313
313
313
313
809
516
142
623
835
263
143
231
980
585
733
431
431
675
69
232
232
339
321
552
73
904
113
166
944
410
453
948
948
948
948
303
594
90
563
166
637
260
258
258
258
258
258
257
257
260
258
258
257
260
257
258
257
257
257
258
258
259
259
259
259
259
259
259
259
259
259
259
260
259
260
544
260
260
854
90
965
662
978
196
354
311
968
234
743
291
855
856
856
856
856
856
856
855
855
855
855
855
855
390
74
115
575
575
575
575
575
575
575
575
575
575
575
575
575
575
576
384
849
320
765
640
913
972
94
802
670
15
191
191
194
191
770
359
660
914
914
914
914
914
914
914
914
914
913
914
914
115
658
733
662
931
391
888
695
795
560
942
935
375
96
931
524
869
825
103
857
165
698
698
698
698
698
4
229
935
6
384
197
28
118
74
561
941
352
596
544
544
544
544
544
545
537
540
544
540
545
545
544
103
906
596
898
482
146
945
122
489
73
382
982
982
982
982
373
190
336
623
623
623
623
624
623
623
623
623
623
852
718
843
410
74
228
228
228
228
228
228
228
228
228
228
229
229
229
142
339
339
335
565
227
588
559
999
696
449
314
901
556
832
647
491
491
491
492
797
522
682
382
190
117
117
117
117
118
117
117
118
117
900
900
900
900
900
900
900
900
900
900
900
289
289
289
752
214
23
214
912
25
153
586
710
710
710
710
710
711
710
710
710
962
232
112
115
671
150
643
925
771
771
772
771
771
771
771
770
770
772
772
772
772
772
772
772
772
772
771
770
772
772
772
772
772
772
767
772
772
771
771
772
767
767
767
767
767
769
770
770
902
113
999
637
714
714
714
714
714
714
680
679
679
679
679
679
679
679
679
680
680
680
680
680
680
680
680
680
679
680
680
680
680
679
682
681
682
681
682
682
682
682
496
844
365
514
514
514
514
514
920
733
733
733
733
733
732
733
732
733
853
331
869
537
686
955
955
388
595
537
223
556
74
308
43
191
411
719
670
798
472
366
595
815
383
229
635
969
17
678
996
621
412
165
165
166
89
165
165
719
314
256
153
668
737
963
853
612
17
21
6
557
986
986
986
986
986
398
998
568
552
672
809
809
809
809
809
809
809
809
920
607
316
786
699
36
153
509
352
352
352
352
352
352
352
352
15
765
23
291
796
566
75
309
948
188
496
572
114
114
114
114
114
114
114
25
734
75
75
661
375
42
287
90
492
215
536
670
925
340
314
314
314
314
314
314
314
314
314
314
342
314
314
80
21
803
28
82
82
81
81
82
82
82
82
82
82
561
82
2
391
197
291
436
418
418
302
150
446
197
881
662
557
388
647
802
283
787
659
787
966
122
877
113
285
285
285
285
285
284
285
284
284
285
440
497
41
614
364
366
427
363
363
363
363
363
363
52
364
363
363
364
363
364
364
25
364
364
335
853
935
935
935
935
935
661
709
718
5
645
744
672
671
672
672
672
673
671
673
674
672
674
674
673
674
671
674
674
673
671
674
672
671
673
671
673
674
674
673
673
673
674
671
673
674
674
674
673
673
676
676
678
678
676
678
671
672
678
676
678
678
671
676
677
991
966
92
169
966
966
966
966
966
381
232
662
845
610
215
905
1
388
186
656
96
155
944
336
453
455
455
452
453
454
455
455
452
455
453
455
452
454
455
455
452
136
430
645
755
294
294
969
302
316
190
552
933
933
933
933
933
933
429
990
607
122
122
122
122
122
753
843
287
231
968
755
27
902
490
490
490
490
490
796
566
94
877
76
518
317
851
874
109
664
437
437
437
437
440
437
437
437
437
437
437
615
27
27
27
27
27
27
27
28
102
70
309
668
752
256
18
566
143
87
234
442
43
743
803
612
446
446
91
950
950
950
950
950
969
911
798
211
737
736
736
736
736
736
736
736
737
737
737
737
737
737
737
737
735
737
734
736
737
737
737
737
736
737
735
736
736
556
762
537
534
534
535
535
535
531
536
534
534
531
537
535
535
564
534
534
534
535
535
535
535
534
535
535
534
534
534
537
535
534
537
536
535
536
536
537
902
781
781
781
781
781
781
781
781
782
781
782
782
781
782
483
564
632
29
797
817
92
420
95
853
560
964
103
161
835
558
558
561
558
242
944
928
709
44
178
748
889
113
0
87
754
849
358
492
92
112
614
614
614
614
614
614
614
614
614
614
670
61
61
61
61
89
818
745
497
121
788
336
335
336
335
336
336
336
336
336
336
338
338
338
338
338
335
338
338
338
338
335
335
335
558
90
300
300
300
300
300
517
844
843
553
825
984
65
936
319
281
607
13
68
115
424
954
779
42
524
525
146
909
660
948
23
147
63
636
518
178
39
481
593
922
0
525
85
18
475
518
968
832
399
65
608
619
66
754
826
619
440
832
745
229
64
557
984
779
973
516
808
883
719
231
243
749
895
229
842
956
744
441
199
799
38
677
745
816
815
816
816
816
816
815
815
816
816
818
818
818
818
818
818
818
815
818
818
815
818
815
817
818
818
815
283
309
959
446
446
446
446
446
446
446
446
748
49
49
49
49
90
89
89
89
89
89
90
89
90
90
90
77
146
325
860
142
62
552
604
604
603
604
604
604
604
604
604
604
660
862
570
985
63
381
362
633
29
29
29
29
29
29
525
38
645
645
645
645
645
645
645
646
647
645
115
24
24
24
522
24
24
24
24
24
24
24
24
24
24
24
23
25
25
25
25
436
243
695
150
565
976
493
997
475
245
497
497
497
497
497
155
229
695
232
232
232
232
233
18
233
232
233
232
232
676
326
318
965
965
362
26
699
572
525
867
275
275
275
660
287
800
33
917
995
995
995
995
995
976
997
997
997
622
195
509
95
95
95
743
634
565
518
517
517
516
518
517
517
517
517
517
517
517
516
518
518
518
498
498
498
498
498
2
633
881
112
110
109
110
109
110
109
109
110
110
83
109
111
111
111
111
111
111
111
111
112
112
115
111
111
111
110
109
60
112
112
112
110
112
111
883
431
474
103
677
565
633
747
945
365
668
373
868
524
668
858
709
848
668
826
925
287
719
684
326
797
755
104
229
231
230
229
230
796
796
553
808
108
996
996
996
996
996
526
586
143
342
521
245
394
483
554
366
398
210
63
308
632
788
669
669
874
13
409
188
971
971
971
971
971
621
309
798
586
40
362
487
87
487
935
831
153
993
281
515
852
198
777
859
846
104
925
198
493
493
493
493
493
493
493
399
430
135
135
766
763
424
642
778
66
303
282
763
302
799
779
779
779
120
779
779
779
779
779
189
188
188
189
188
188
189
189
189
189
189
189
189
189
189
189
475
405
36
610
854
854
854
854
852
854
854
854
854
854
854
854
854
854
852
854
669
834
764
764
45
976
905
234
754
858
845
920
902
918
510
510
510
178
719
862
426
339
21
95
993
993
467
210
176
153
906
199
588
857
550
63
685
140
394
210
761
661
945
319
926
926
926
926
926
644
644
644
644
644
644
644
644
660
619
686
392
154
302
642
718
848
760
39
42
832
475
824
808
910
968
765
642
191
786
383
245
245
245
245
245
245
31
245
851
928
410
685
177
576
193
624
429
658
354
38
526
318
826
763
696
906
588
60
572
796
775
778
912
912
319
912
912
912
910
912
155
155
155
155
155
155
153
155
155
153
155
155
154
155
154
155
153
801
467
754
754
754
103
754
754
754
756
754
756
754
753
753
753
753
753
753
753
754
753
134
171
685
473
25
103
843
843
398
13
588
588
588
588
588
588
612
898
442
931
694
390
612
660
981
765
747
889
670
559
969
969
969
969
320
141
235
844
142
563
115
661
263
317
399
362
895
553
83
718
45
765
199
398
321
882
634
787
786
786
785
786
786
786
786
787
787
787
787
787
787
322
16
524
94
116
116
116
116
116
116
116
116
116
116
115
116
115
72
427
586
430
659
868
399
399
399
399
399
399
398
554
255
846
113
114
113
113
114
113
114
114
124
699
909
430
44
418
121
824
962
392
389
898
150
764
763
762
762
761
762
762
762
761
761
761
762
760
762
762
761
762
761
761
762
761
762
761
760
761
762
762
764
761
761
761
763
488
775
80
80
365
963
449
881
177
93
200
255
983
320
435
632
931
410
420
633
177
121
302
358
42
26
867
303
303
622
622
622
622
622
621
622
621
622
622
668
474
320
848
801
144
752
808
239
800
175
931
896
896
896
896
896
896
896
913
669
459
318
368
332
643
467
47
358
358
519
943
720
568
247
603
412
30
197
459
201
553
948
910
720
393
194
888
888
888
888
888
557
694
554
121
121
121
121
121
121
121
743
593
635
635
799
686
523
175
700
101
843
18
81
910
669
521
831
669
166
669
71
966
966
966
670
744
142
71
932
78
394
825
45
755
381
861
78
752
373
670
734
195
901
190
102
320
319
320
319
320
320
320
320
320
320
319
321
322
322
322
320
322
321
319
360
320
322
677
677
677
677
963
670
902
695
778
522
634
454
435
567
252
775
775
775
775
998
311
959
959
26
999
999
999
999
227
752
844
944
15
16
475
365
964
574
642
482
481
481
482
482
482
482
481
481
85
85
150
554
554
991
281
33
390
988
15
592
592
894
353
843
6
411
360
39
141
140
140
140
140
140
141
141
141
141
141
140
141
141
488
141
141
992
882
522
694
718
619
381
932
797
234
802
49
134
134
134
134
134
134
134
134
571
13
13
13
13
643
144
144
144
144
144
144
571
190
15
391
543
542
543
543
543
542
543
543
543
543
543
543
543
256
543
543
543
543
544
545
543
542
544
545
471
278
41
39
38
38
38
38
38
39
38
39
40
40
40
40
40
41
40
40
41
40
40
40
40
43
41
41
41
40
44
45
45
39
41
41
41
435
665
522
661
223
222
222
222
222
222
223
222
222
222
223
222
223
223
223
223
223
223
147
669
234
858
858
858
858
858
858
430
846
846
846
846
846
846
846
846
846
944
944
944
944
944
317
381
172
802
73
431
734
747
741
741
734
734
73
375
571
744
553
373
373
211
6
586
948
948
948
948
948
6
497
975
178
215
215
215
214
215
215
215
169
215
215
214
214
215
169
883
883
883
883
883
883
883
883
883
263
283
899
411
609
436
375
569
441
186
925
826
988
988
988
988
988
909
860
146
75
103
103
103
103
103
103
74
440
943
839
670
665
663
663
664
666
663
664
664
666
661
666
666
663
664
665
665
664
664
664
664
665
668
666
663
666
666
665
666
663
664
665
665
666
663
666
663
664
665
666
661
663
663
666
665
665
665
663
664
664
665
666
663
665
666
664
663
664
666
667
667
669
667
668
669
667
668
668
668
668
669
667
667
667
668
667
668
662
370
302
603
983
332
449
745
845
211
963
496
104
104
104
104
201
197
567
918
95
311
245
905
567
863
719
721
721
720
721
719
721
721
720
719
719
719
721
721
720
719
718
719
93
554
744
368
91
92
198
472
309
308
308
308
308
306
308
308
309
308
308
309
308
309
309
309
309
309
309
2
91
671
671
984
984
984
984
984
984
796
569
166
552
910
405
696
594
619
825
766
766
766
766
766
766
766
766
766
766
765
834
366
411
411
411
411
411
33
33
282
16
906
906
906
906
211
143
788
233
26
26
26
26
26
26
26
25
26
26
859
75
42
199
555
596
124
857
857
857
857
857
857
857
857
856
856
857
857
244
366
609
142
608
954
925
557
118
615
615
615
615
615
442
612
866
866
496
395
281
562
231
230
230
230
230
743
230
230
230
230
230
683
752
197
197
197
825
755
756
755
755
756
756
755
755
755
756
467
33
91
609
562
483
339
802
683
19
19
19
15
16
16
16
15
17
16
16
15
16
569
354
392
852
901
340
849
849
849
849
849
849
849
848
850
849
850
848
685
844
869
839
20
248
991
991
991
990
991
553
353
642
747
634
96
988
745
824
80
227
227
227
227
227
227
89
169
394
998
942
75
420
836
60
60
60
60
60
60
60
61
91
454
454
454
454
454
845
607
147
862
881
881
881
881
881
881
521
521
521
521
521
521
801
180
135
435
967
171
998
255
839
585
216
559
190
190
190
190
190
190
190
381
380
380
378
380
380
380
380
380
380
381
381
381
381
281
874
983
983
75
233
851
802
524
176
431
340
339
340
340
340
340
340
340
340
340
340
342
340
609
913
913
913
913
555
554
555
555
555
555
555
555
555
178
942
976
76
77
78
77
745
76
799
170
170
170
999
936
685
94
898
91
432
80
392
392
393
393
392
392
393
393
392
393
393
393
393
392
392
383
993
0
608
432
436
788
200
118
808
647
525
64
239
928
331
931
150
523
523
523
523
523
523
523
523
523
526
523
216
233
315
831
214
214
214
611
80
459
859
291
807
965
965
965
610
609
390
353
817
862
862
862
862
862
862
862
752
752
752
752
752
752
752
675
962
976
321
576
483
483
483
483
478
483
483
483
901
749
994
263
263
318
194
608
636
326
788
964
524
91
427
526
565
83
985
568
899
36
382
994
994
994
994
570
391
76
172
435
199
216
172
747
553
326
239
869
321
321
842
696
696
696
696
556
143
326
326
326
326
326
325
326
889
889
889
889
889
612
612
612
612
614
612
612
612
612
612
612
390
576
985
550
609
642
746
409
817
817
817
817
817
80
4
4
843
430
972
998
998
998
998
359
947
42
42
42
42
42
928
29
96
94
983
283
559
230
76
567
195
557
699
289
576
21
21
797
778
474
420
80
797
47
967
967
967
96
436
801
91
699
699
699
699
699
699
610
104
943
92
800
234
234
234
234
234
234
234
441
420
860
859
860
860
860
860
860
860
860
860
860
860
894
91
177
73
76
76
92
76
76
92
76
92
80
91
5
92
76
89
79
89
76
76
87
75
89
92
74
70
91
91
62
64
62
67
68
68
67
194
63
66
76
68
68
64
65
68
68
66
67
68
65
64
64
66
63
63
62
64
62
67
65
63
68
64
65
62
63
67
66
66
62
62
66
62
62
68
66
66
66
68
64
67
66
904
63
68
65
282
516
83
835
243
183
962
102
383
360
5
869
694
391
637
487
412
564
212
932
675
778
944
944
432
553
964
863
441
607
388
472
475
366
901
411
388
388
389
834
869
0
0
1
0
0
1
332
332
332
332
332
331
332
332
435
798
353
366
183
647
993
695
178
696
427
353
216
560
354
616
616
616
616
435
569
684
418
567
430
171
747
796
945
210
175
390
412
694
123
985
910
210
440
570
255
449
448
448
448
448
449
449
449
449
449
449
449
448
430
29
5
619
619
143
563
282
947
851
686
686
686
686
686
686
686
563
992
992
992
992
992
992
992
992
824
565
102
136
2
636
636
636
636
636
322
911
118
954
492
474
566
256
557
803
942
942
942
942
942
942
942
641
591
556
845
572
368
362
839
353
566
143
142
142
521
499
824
824
824
842
93
5
442
432
166
233
233
233
233
230
233
233
233
366
172
176
175
172
176
171
171
171
171
172
171
171
471
973
405
405
964
964
409
909
640
492
616
616
526
616
616
247
802
931
932
5
524
975
252
904
844
843
844
100
844
844
844
843
844
844
844
176
808
566
566
243
867
981
101
316
983
975
608
572
570
571
571
572
571
571
572
572
571
572
569
571
570
570
195
368
441
289
289
851
177
436
902
283
183
183
183
999
999
999
999
200
835
835
835
835
210
904
354
863
931
695
78
567
177
394
869
869
869
869
869
869
608
956
911
634
634
634
634
633
633
633
634
635
635
635
635
635
635
633
635
633
632
632
177
641
368
368
368
368
980
980
980
980
287
176
394
287
567
287
287
286
287
287
968
898
877
244
244
244
489
796
922
922
922
922
922
922
922
922
479
102
901
488
410
845
2
832
552
102
81
563
200
303
429
552
585
925
317
282
945
239
917
917
913
918
917
917
474
474
904
194
474
568
492
683
683
681
683
684
683
684
678
910
910
910
910
910
910
910
993
585
936
553
932
212
198
851
235
98
98
383
199
993
562
806
801
429
429
429
429
429
832
199
831
941
745
745
745
745
745
745
745
744
745
745
745
743
744
743
493
441
441
440
440
440
440
440
430
823
315
410
972
467
102
101
101
101
101
102
101
104
101
102
101
101
430
487
825
851
851
851
962
492
475
342
342
243
675
747
243
199
198
198
198
199
198
199
100
199
199
985
216
255
317
788
472
525
521
525
525
525
525
525
525
525
201
436
685
928
560
370
560
560
561
561
561
561
559
561
561
561
561
561
561
561
998
998
803
277
4
178
954
954
200
928
391
832
586
489
489
489
489
212
557
360
564
981
596
278
243
2
973
118
647
788
788
788
412
412
675
685
522
94
488
6
6
6
6
5
5
242
559
471
239
239
239
985
746
430
420
147
418
418
418
777
409
104
291
93
362
640
943
747
746
747
746
746
746
746
747
746
746
747
150
94
283
281
282
282
282
282
283
281
383
562
952
975
943
803
256
473
610
78
78
78
832
570
354
904
18
366
405
405
405
405
995
77
861
436
436
436
778
178
902
902
902
902
928
237
186
475
990
990
832
748
972
972
972
972
972
994
412
905
197
595
195
675
354
798
123
123
123
492
493
493
492
492
493
593
826
826
826
824
826
826
826
196
87
565
839
515
362
694
553
553
552
550
550
550
550
550
550
550
556
605
47
559
559
559
559
949
366
366
567
609
277
467
467
467
467
609
609
609
609
609
607
909
473
247
248
383
496
968
899
898
898
899
899
899
892
898
899
899
431
303
210
87
431
608
808
243
845
845
473
832
675
360
353
353
354
354
619
619
834
695
147
586
995
995
995
928
803
593
963
963
904
410
968
968
968
196
973
362
362
211
213
211
213
210
210
213
211
608
967
967
975
499
803
803
803
803
646
607
647
608
191
47
221
96
567
685
201
567
925
777
136
842
395
255
901
593
962
576
576
576
576
576
697
697
382
382
382
382
382
383
382
216
216
216
216
216
176
472
242
278
800
409
515
641
832
831
831
831
831
831
832
594
515
488
488
488
488
489
488
489
640
568
565
567
562
567
568
568
568
565
568
564
568
568
568
562
568
568
568
568
150
87
313
675
941
641
928
928
928
928
412
945
945
945
945
432
796
777
391
391
391
391
196
196
196
586
586
585
586
586
863
926
410
684
459
808
895
925
235
595
471
360
150
318
798
78
432
251
300
146
608
976
799
947
947
947
442
375
4
942
904
903
903
895
895
897
896
894
895
894
894
894
895
894
894
894
641
118
176
359
359
359
359
359
360
359
254
943
509
424
235
146
993
993
993
473
796
901
901
900
901
473
861
176
603
354
797
118
839
839
839
839
30
277
684
354
354
354
427
509
509
509
557
861
861
861
861
432
926
150
475
410
949
496
496
496
497
497
474
931
83
936
519
83
808
962
962
83
556
169
936
487
487
487
973
150
150
643
526
943
252
49
200
516
909
29
29
409
473
596
868
556
556
516
867
975
94
640
964
931
653
412
642
801
949
949
949
949
949
973
475
291
291
911
318
315
317
315
316
316
315
176
235
235
235
235
235
472
593
593
593
596
985
118
409
607
475
472
473
471
472
640
976
867
867
498
175
108
2
867
874
874
874
981
981
694
18
18
18
18
18
365
976
516
365
365
365
365
365
945
806
975
806
431
778
685
685
685
643
243
427
432
709
394
394
195
976
976
976
976
515
432
432
432
432
432
432
4
4
4
801
557
557
30
676
943
676
96
522
427
427
427
798
146
988
988
526
799
798
798
798
798
911
643
256
256
925
647
909
909
49
178
183
186
177
186
186
175
178
186
186
867
868
867
868
867
375
375
375
641
194
93
277
118
675
675
920
920
920
920
920
916
956
94
93
93
94
94
985
777
640
925
925
925
194
607
650
936
936
195
30
424
424
424
412
675
642
642
778
410
2
808
808
808
522
945
801
911
169
169
169
376
302
302
700
608
30
994
243
973
47
748
748
675
608
608
916
522
498
498
569
87
412
146
812
49
49
778
694
515
516
201
911
695
695
695
695
200
976
195
200
200
406
244
195
278
545
964
442
442
643
642
641
643
647
985
935
33
412
410
801
136
1
777
406
863
863
806
278
242
545
943
406
777
33
33
709
709
242
410
778
777
31
243
242
