11948 3696 11965 13722 13723 11934 11984
10812 15561 12795
7575 6815 7576
15601 14950 14304 9673 257 14984 9659 14985 13318 15271 3854 12209 6304 1741
3210 3211 3223
5665 3639 629 15163 113 3656 3657 3652 8568 7241 44 2508 11850 11852 11853 2649 633 3607 637 616 9500 6990 3627 7007 7256 15696 15695 640 8563 8584
2533 14815 14814 14813
12006 11060 540 11053 10404
15369 3383 14661 11585 14252 6481
15717 5356 14148 14600 14601
7924 12648 12649
747 5129 745
6125 6124 6126
12114 8449 8450
12824 12826 10568 4179
714 700 694 718
11746 1287 3410 821
